feature1,feature2,feature3,feature4,score1,score2
91.2,3.900000000000002,3.1000000000000014,0.3,76.4119762221716,16.419340148538055
91.1,4.000000000000002,3.1000000000000014,0.3,77.32209327643146,16.076018704458154
91.0,4.100000000000002,3.1000000000000014,0.3,78.22721711037353,15.733172250273164
90.9,4.200000000000003,3.1000000000000014,0.3,79.12456190939257,15.391917880610194
93.5,1.6,3.200000000000001,0.2,59.19860465468236,21.7192549234907
91.4,3.600000000000002,3.200000000000001,0.3,74.14960466033075,17.301253909926075
91.3,3.700000000000002,3.200000000000001,0.3,75.05498186076791,16.96172436329643
91.2,3.800000000000002,3.200000000000001,0.3,75.96345134428047,16.61940196731259
91.1,3.900000000000002,3.200000000000001,0.3,76.87264763774249,16.275663560689836
91.0,4.000000000000002,3.200000000000001,0.3,77.78001753972103,15.93179056224708
90.9,4.100000000000002,3.200000000000001,0.3,78.68284249630365,15.588965779741415
90.79999999999998,4.100000000000002,3.200000000000001,0.4,80.05865621495785,15.08786224926643
93.4,1.6,3.3000000000000016,0.2,59.75012462683459,21.707128948756292
93.3,1.7000000000000002,3.3000000000000016,0.2,60.24820636289068,21.688208588229397
91.4,3.5000000000000018,3.3000000000000016,0.3,73.70628002904516,17.488577679543962
91.3,3.600000000000002,3.3000000000000016,0.3,74.6012808404857,17.15089718300693
91.2,3.700000000000002,3.3000000000000016,0.3,75.50211598022986,16.809617449418337
91.1,3.800000000000002,3.3000000000000016,0.3,76.40662850616984,16.466191072745413
91.0,3.900000000000002,3.3000000000000016,0.3,77.31243807761521,16.121977114865196
90.9,4.000000000000002,3.3000000000000016,0.3,78.21695488981041,15.778233562927287
90.8,4.000000000000002,3.3000000000000016,0.4,79.58434236668526,15.256717180813384
90.8,4.100000000000002,3.3000000000000016,0.3,79.11740482860245,15.436115354628967
90.7,4.100000000000002,3.3000000000000016,0.4,80.53830173716607,14.93436608373105
90.7,4.200000000000003,3.3000000000000016,0.3,80.01086450782368,15.096677760599121
90.6,4.200000000000003,3.3000000000000016,0.4,81.48184872185838,14.614471610484898
90.5,4.3000000000000025,3.3000000000000016,0.4,82.41173364451319,14.297981990392847
93.3,1.6,3.4000000000000017,0.2,60.3054358936156,21.681450592711638
93.2,1.7000000000000002,3.4000000000000017,0.2,60.805537473767146,21.657042017482496
92.8,2.1000000000000005,3.4000000000000017,0.2,63.034268537402376,21.342683501237644
91.6,3.200000000000001,3.4000000000000017,0.3,71.53190903646569,18.314378693145038
91.5,3.3000000000000016,3.4000000000000017,0.3,72.39174207032133,17.993176666633623
91.4,3.4000000000000017,3.4000000000000017,0.3,73.26307392290364,17.66428265276734
91.4,3.5000000000000018,3.4000000000000017,0.2,72.93750910464932,17.782623244267427
91.3,3.5000000000000018,3.4000000000000017,0.3,74.14444991481727,17.329339245078998
91.29999999999998,3.600000000000002,3.4000000000000017,0.2,73.73968797225378,17.439891231378137
91.2,3.600000000000002,3.4000000000000017,0.3,75.03419165878644,16.98993942632238
91.1,3.700000000000002,3.4000000000000017,0.3,75.93037925786042,16.647605145395566
91.0,3.800000000000002,3.4000000000000017,0.3,76.83084489643514,16.3037709918563
90.9,3.900000000000002,3.4000000000000017,0.3,77.7331782142676,15.959773014009134
90.8,4.000000000000002,3.4000000000000017,0.3,78.63474320056488,15.616842634417374
90.7,4.000000000000002,3.4000000000000017,0.4,80.04685679201653,15.095485814342664
90.7,4.100000000000002,3.4000000000000017,0.3,79.53270580272432,15.276105578998838
90.59999999999998,4.100000000000002,3.4000000000000017,0.4,81.00144863962534,14.775345500076906
90.6,4.200000000000003,3.4000000000000017,0.3,80.42407095633575,14.938585668270921
90.5,4.200000000000003,3.4000000000000017,0.4,81.94589068043608,14.458197676715526
90.4,4.3000000000000025,3.4000000000000017,0.4,82.87684876013667,14.144951809531012
90.29999999999998,4.400000000000002,3.4000000000000017,0.4,83.79096093255606,13.836441712612496
90.2,4.400000000000002,3.4000000000000017,0.5,84.89951677168753,13.395231684206115
90.2,4.500000000000003,3.4000000000000017,0.4,84.6848930188882,13.533438364289667
90.1,4.500000000000003,3.4000000000000017,0.5,85.80744107399377,13.124901191202143
93.2,1.6,3.5000000000000018,0.2,60.861543220906206,21.641818028938353
93.1,1.7000000000000002,3.5000000000000018,0.2,61.3620276061454,21.611557868944395
93.0,1.8000000000000005,3.5000000000000018,0.2,61.885022617480665,21.55966011543122
92.8,2.0000000000000004,3.5000000000000018,0.2,62.99403630840692,21.389203848946174
92.7,2.1000000000000005,3.5000000000000018,0.2,63.57768977996905,21.270115917535914
92.6,2.2000000000000006,3.5000000000000018,0.2,64.17921206370374,21.12838473729633
91.7,3.1000000000000014,3.5000000000000018,0.2,70.27151879937841,18.946823144662396
91.6,3.200000000000001,3.5000000000000018,0.2,71.01800847997819,18.628101047682314
91.5,3.200000000000001,3.5000000000000018,0.3,71.9726805053163,18.152433537670483
91.5,3.3000000000000016,3.5000000000000018,0.2,71.77767941409193,18.300404918338845
91.4,3.3000000000000016,3.5000000000000018,0.3,72.82549172296208,17.828185335614034
91.4,3.4000000000000017,3.5000000000000018,0.2,72.54991930859762,17.9655030998588
91.3,3.4000000000000017,3.5000000000000018,0.3,73.69036486799652,17.496937052281464
91.3,3.5000000000000018,3.5000000000000018,0.2,73.33382526888758,17.625091943314153
91.2,3.5000000000000018,3.5000000000000018,0.3,74.56587907400348,17.16032838950615
91.1,3.600000000000002,3.5000000000000018,0.3,75.45036513223923,16.819939813896987
91.0,3.700000000000002,3.5000000000000018,0.3,76.34189186351581,16.47727386112777
90.9,3.800000000000002,3.5000000000000018,0.3,77.23826381609882,16.133741142797536
90.8,3.900000000000002,3.5000000000000018,0.3,78.13703015988575,15.790650937942885
90.7,4.000000000000002,3.5000000000000018,0.3,79.03550424457993,15.44920626757526
90.6,4.100000000000002,3.5000000000000018,0.3,79.93079298440792,15.11050339290677
90.5,4.200000000000003,3.5000000000000018,0.3,80.81983493801943,14.775535668965931
90.4,4.200000000000003,3.5000000000000018,0.4,82.39415042847858,14.298431492718551
90.3,4.3000000000000025,3.5000000000000018,0.4,83.32574584196232,13.989022637589215
90.2,4.400000000000002,3.5000000000000018,0.4,84.24059400512299,13.684796580512709
90.1,4.400000000000002,3.5000000000000018,0.5,85.40754978940676,13.25937250527776
90.1,4.500000000000003,3.5000000000000018,0.4,85.13525710111624,13.386476747875776
90.0,4.500000000000003,3.5000000000000018,0.5,86.31868696566363,12.994318061467206
89.99999999999999,4.600000000000003,3.5000000000000018,0.4,86.006371432387,13.094734399139458
93.1,1.6,3.600000000000002,0.2,61.41540028677901,21.58783941486756
93.0,1.7000000000000002,3.600000000000002,0.2,61.914545594326576,21.551348647076157
92.9,1.8000000000000005,3.600000000000002,0.2,62.43469791875944,21.4928437143976
92.79999999999998,1.9000000000000004,3.600000000000002,0.2,62.974699526173886,21.41186326066901
92.7,2.0000000000000004,3.600000000000002,0.2,63.5333672540319,21.308090254939234
92.6,2.1000000000000005,3.600000000000002,0.2,64.10954353912051,21.181382089705632
92.5,2.2000000000000006,3.600000000000002,0.2,64.70215351090536,21.031802769607555
92.4,2.3000000000000007,3.600000000000002,0.2,65.31026258090462,20.859653402453322
92.29999999999998,2.400000000000001,3.600000000000002,0.2,65.93312663702855,20.665495787697324
91.9,2.800000000000001,3.600000000000002,0.2,68.56507934036401,19.689288195752617
91.79999999999998,2.900000000000001,3.600000000000002,0.2,69.25810287912881,19.402468615602192
91.7,3.0000000000000013,3.600000000000002,0.2,69.96544257349808,19.101952498339863
91.6,3.1000000000000014,3.600000000000002,0.2,70.68718478515622,18.789580908567622
91.5,3.200000000000001,3.600000000000002,0.2,71.42324208861692,18.467196094669795
91.4,3.200000000000001,3.600000000000002,0.3,72.39849466676957,17.98002234291907
91.4,3.3000000000000016,3.600000000000002,0.2,72.17328501023653,18.136605305604153
91.29999999999998,3.4000000000000017,3.600000000000002,0.2,72.93669250974644,17.799553620005828
91.2,3.5000000000000018,3.600000000000002,0.2,73.7125218403011,17.457704749912967
90.6,4.000000000000002,3.600000000000002,0.3,79.4213565954031,15.276911363533227
90.5,4.100000000000002,3.600000000000002,0.3,80.31369274467374,14.940867426872606
90.1,4.3000000000000025,3.600000000000002,0.5,84.96483363413854,13.389081088971295
89.99999999999999,4.400000000000002,3.600000000000002,0.5,85.90176639633779,13.123939971248987
89.99999999999999,4.500000000000003,3.600000000000002,0.4,85.56935511280653,13.239022653980424
89.89999999999999,4.500000000000003,3.600000000000002,0.5,86.81565692111536,12.86469575576987
89.89999999999998,4.600000000000003,3.600000000000002,0.4,86.44059000998377,12.952829241962354
93.0,1.6,3.700000000000002,0.2,61.96400877254391,21.519157068587802
92.9,1.7000000000000002,3.700000000000002,0.2,62.460066563732866,21.476056897492374
92.8,1.8000000000000005,3.700000000000002,0.2,62.97556984005891,21.410575862838588
92.7,1.9000000000000004,3.700000000000002,0.2,63.50935209427012,21.322275089764094
92.6,2.0000000000000004,3.700000000000002,0.2,64.06026777850754,21.210881728933384
92.5,2.1000000000000005,3.700000000000002,0.2,64.62725254124587,21.076323457864234
92.4,2.2000000000000006,3.700000000000002,0.2,65.20938574942583,20.918762684427755
92.3,2.3000000000000007,3.700000000000002,0.2,65.80594726391662,20.738625186972065
92.2,2.400000000000001,3.700000000000002,0.2,66.41645878836825,20.536617138091767
92.1,2.500000000000001,3.700000000000002,0.2,67.04070050980123,20.313725343378064
92.0,2.600000000000001,3.700000000000002,0.2,67.67869676075573,20.0711982619089
91.8,2.800000000000001,3.700000000000002,0.2,68.99696559660549,19.533306941128263
91.7,2.900000000000001,3.700000000000002,0.2,69.67796452382693,19.24136006960316
91.6,3.0000000000000013,3.700000000000002,0.2,70.37398374385948,18.936503126118453
91.5,3.1000000000000014,3.700000000000002,0.2,71.08518780090648,18.620588471126602
91.4,3.200000000000001,3.700000000000002,0.2,71.81151266105665,18.295447290514076
91.3,3.3000000000000016,3.700000000000002,0.2,72.55260881591131,17.96285998888168
90.0,4.3000000000000025,3.700000000000002,0.5,85.44279827658407,13.249094415359734
89.89999999999999,4.400000000000002,3.700000000000002,0.5,86.38205082899643,12.989913466290133
89.8,4.500000000000003,3.700000000000002,0.5,87.2981260487062,12.736960132735549
89.79999999999998,4.600000000000003,3.700000000000002,0.4,86.85862414228092,12.812075557044928
89.69999999999999,4.600000000000003,3.700000000000002,0.5,88.18736747389922,12.49072602168
92.9,1.6,3.800000000000002,0.2,62.504532815701886,21.43548031692926
92.8,1.7000000000000002,3.800000000000002,0.2,62.99580312093787,21.385415162391975
92.6,1.9000000000000004,3.800000000000002,0.2,64.03086673462784,21.216737248770567
92.5,2.0000000000000004,3.800000000000002,0.2,64.57248366741533,21.0975245208664
92.4,2.1000000000000005,3.800000000000002,0.2,65.12889920987568,20.95501957618312
92.3,2.2000000000000006,3.800000000000002,0.2,65.69940887037522,20.789509077171555
92.2,2.3000000000000007,3.800000000000002,0.2,66.28355973302845,20.60156385509543
92.1,2.400000000000001,3.800000000000002,0.2,66.88117464322973,20.39204519637886
92.0,2.500000000000001,3.800000000000002,0.2,67.4923452375781,20.162091527563106
91.9,2.600000000000001,3.800000000000002,0.2,68.11739145970549,19.913085922286914
91.8,2.700000000000001,3.800000000000002,0.2,68.75679139853416,19.6466088028249
91.7,2.800000000000001,3.800000000000002,0.2,69.41109067760019,19.364382771692842
91.6,2.900000000000001,3.800000000000002,0.2,70.08080354135811,19.06821690737063
91.5,3.0000000000000013,3.800000000000002,0.2,70.7663176177057,18.7599563510111
91.4,3.1000000000000014,3.800000000000002,0.2,71.46781167818462,18.44144055234316
91.3,3.200000000000001,3.800000000000002,0.2,72.1851918683077,18.11447114658281
89.9,4.3000000000000025,3.800000000000002,0.5,85.90736949439913,13.110997166988383
89.8,4.400000000000002,3.800000000000002,0.5,86.84824192641175,12.85821491486343
89.7,4.500000000000003,3.800000000000002,0.5,87.76583033067926,12.611979908650497
89.6,4.600000000000003,3.800000000000002,0.5,88.65637231879602,12.372724619058165
92.8,1.6,3.900000000000002,0.2,63.0344174558767,21.33662496430464
92.4,2.0000000000000004,3.900000000000002,0.2,65.06841858029904,20.968209209006297
92.3,2.1000000000000005,3.900000000000002,0.2,65.61330960660447,20.81782814358539
92.2,2.2000000000000006,3.900000000000002,0.2,66.17152890548374,20.64458928175699
92.1,2.3000000000000007,3.900000000000002,0.2,66.74292080740696,20.449218181067238
92.0,2.400000000000001,3.900000000000002,0.2,67.32761535018678,20.232728575926036
91.9,2.500000000000001,3.900000000000002,0.2,67.92599539763326,19.996395323331814
91.8,2.600000000000001,3.900000000000002,0.2,68.53863234909329,19.741710840867015
91.7,2.700000000000001,3.900000000000002,0.2,69.16619862695369,19.47033153870317
91.6,2.800000000000001,3.900000000000002,0.2,69.80936869103363,19.184021734016873
91.5,2.900000000000001,3.900000000000002,0.2,70.46872085011836,18.88460145153504
91.4,3.0000000000000013,3.900000000000002,0.2,71.14464996866764,18.573902191676492
91.3,3.1000000000000014,3.900000000000002,0.2,71.8372974882098,18.253732242863077
89.69999999999999,4.400000000000002,3.900000000000002,0.5,87.30009947595427,12.729691912923153
89.6,4.500000000000003,3.900000000000002,0.5,88.2184365033826,12.490550702312017
89.49999999999999,4.600000000000003,3.900000000000002,0.5,89.10954844058118,12.258637280973714
89.39999999999999,4.700000000000003,3.900000000000002,0.5,89.96967599633463,12.034267409946793
92.3,2.0000000000000004,4.000000000000002,0.2,65.54717389745915,20.823398992923618
92.2,2.1000000000000005,4.000000000000002,0.2,66.08004504696346,20.665396548015927
92.1,2.2000000000000006,4.000000000000002,0.2,66.62579002922298,20.484843055946293
92.0,2.3000000000000007,4.000000000000002,0.2,67.18455215444979,20.2826153955775
91.9,2.400000000000001,4.000000000000002,0.2,67.7567452445764,20.05986409271878
91.8,2.500000000000001,4.000000000000002,0.2,68.34299736165758,19.8179748802257
91.7,2.600000000000001,4.000000000000002,0.2,68.94406911449455,19.558518251719438
91.6,2.700000000000001,4.000000000000002,0.2,69.56075737222244,19.283194309105927
91.5,2.800000000000001,4.000000000000002,0.2,70.1937964831203,18.993779673519274
91.4,2.900000000000001,4.000000000000002,0.2,70.8437675989378,18.692081212764553
91.3,3.0000000000000013,4.000000000000002,0.2,71.51102341920016,18.379898854088555
91.2,3.1000000000000014,4.000000000000002,0.2,72.19563189175922,18.058997641542778
89.5,4.500000000000003,4.000000000000002,0.5,88.65552131171707,12.3733843573306
89.39999999999999,4.600000000000003,4.000000000000002,0.5,89.54638479233478,12.149122560972836
89.3,4.700000000000003,4.000000000000002,0.5,90.40601911462842,11.932576848458796
92.1,2.1000000000000005,4.100000000000002,0.2,66.52930573040837,20.49864159229122
92.0,2.2000000000000006,4.100000000000002,0.2,67.06282227788768,20.31136033162397
91.9,2.3000000000000007,4.100000000000002,0.2,67.60947316147663,20.10299897905016
91.79999999999998,2.400000000000001,4.100000000000002,0.2,68.16990988606278,19.87481974163739
91.6,2.600000000000001,4.100000000000002,0.2,69.33545939758746,19.36502201188963
91.4,2.800000000000001,4.100000000000002,0.2,70.56622862036569,18.795192823859573
91.29999999999998,2.900000000000001,4.100000000000002,0.2,71.20775552254202,18.492171386575855
91.2,3.0000000000000013,4.100000000000002,0.2,71.86716607136367,18.17942736189752
89.39999999999999,4.500000000000003,4.100000000000002,0.5,89.07656021758329,12.26110289429915
89.29999999999998,4.600000000000003,4.100000000000002,0.5,89.96628168190112,12.044750988935826
92.0,2.1000000000000005,4.200000000000003,0.2,66.96177281511872,20.318702650506857
91.7,2.400000000000001,4.200000000000003,0.2,68.56860272593997,19.679056346445357
89.3,4.500000000000003,4.200000000000003,0.5,89.48092475820916,12.15423625300603
89.19999999999999,4.600000000000003,4.200000000000003,0.5,90.3685485467404,11.946002740284163
89.1,4.600000000000003,4.200000000000003,0.6,91.07844146478584,11.784500014555105
89.3,4.400000000000002,4.3000000000000025,0.5,88.95563383833088,12.261217862183713
89.2,4.500000000000003,4.3000000000000025,0.5,89.86788722692297,12.053222975479393
89.10000000000001,4.500000000000003,4.3000000000000025,0.6,90.63201321489807,11.87861634324429
89.1,4.600000000000003,4.3000000000000025,0.5,90.7524084181584,11.8532681687792
89.19999999999999,4.400000000000002,4.400000000000002,0.5,89.32841722327515,12.158161843516972
89.1,4.400000000000002,4.400000000000002,0.6,90.13866800408078,11.969480723879482
89.1,4.500000000000003,4.400000000000002,0.5,90.23663113225214,11.958413074658358
89.0,4.500000000000003,4.400000000000002,0.6,91.05152601438046,11.812457519340503
89.1,4.400000000000002,4.500000000000003,0.5,89.68315818295876,12.06148044093347
89.0,4.400000000000002,4.500000000000003,0.6,90.53963925937161,11.901028905061684
88.9,4.500000000000003,4.500000000000003,0.6,91.45030305766333,11.752449137495397
89.0,4.3000000000000025,4.600000000000003,0.6,89.98684616626294,11.986645392394236
88.99999999999999,4.400000000000002,4.600000000000003,0.5,90.01892139426566,11.971403671037537
88.89999999999999,4.400000000000002,4.600000000000003,0.6,90.91962616217336,11.838715983586656
88.8,4.500000000000003,4.600000000000003,0.6,91.8269929320832,11.698593743033197
88.8,4.400000000000002,4.700000000000003,0.6,91.27732956736985,11.782533841758482
88.80000000000001,4.3000000000000025,4.8000000000000025,0.6,90.68848690326205,11.863776214031642
88.7,4.400000000000002,4.8000000000000025,0.6,91.61146208177036,11.732412873173445
88.6,4.400000000000002,4.900000000000003,0.6,91.92076704613467,11.688229428581408
88.60000000000001,4.3000000000000025,5.000000000000004,0.6,91.29568800802551,11.765092290749108
88.29999999999998,4.400000000000002,5.100000000000003,0.7000000000000001,92.32140850410406,11.624829910296771
88.2,4.3000000000000025,5.300000000000003,0.7000000000000001,91.9381182718156,11.676170162585159
88.1,4.3000000000000025,5.400000000000004,0.7000000000000001,92.13786049299021,11.671130320808844
87.0,5.500000000000004,5.400000000000004,0.6,99.9284026158541,10.984055607863697
88.0,4.3000000000000025,5.500000000000004,0.7000000000000001,92.30635257761202,11.669557780727587
87.89999999999999,4.400000000000002,5.500000000000004,0.7000000000000001,93.13941535566426,11.62144405820951
87.8,4.500000000000003,5.500000000000004,0.7000000000000001,93.94485527995938,11.579938176296354
87.69999999999999,4.600000000000003,5.500000000000004,0.7000000000000001,94.71888127938007,11.54456903695687
87.6,4.700000000000003,5.500000000000004,0.7000000000000001,95.45762197632322,11.514741171497322
87.5,4.8000000000000025,5.500000000000004,0.7000000000000001,96.15717278160554,11.489745605737042
87.39999999999999,4.900000000000003,5.500000000000004,0.7000000000000001,96.81365991815386,11.46877946126304
87.3,5.000000000000004,5.500000000000004,0.7000000000000001,97.42332206510088,11.450975796149848
87.19999999999999,5.100000000000003,5.500000000000004,0.7000000000000001,97.9826077951286,11.435444128673979
87.1,5.200000000000003,5.500000000000004,0.7000000000000001,98.48828364149037,11.421320238356387
87.0,5.300000000000003,5.500000000000004,0.7000000000000001,98.93754407422243,11.407821369912934
86.89999999999999,5.400000000000004,5.500000000000004,0.7000000000000001,99.32811189414342,11.39430047482928
86.9,5.500000000000004,5.500000000000004,0.6,99.91386382683181,11.029765687291624
86.8,5.500000000000004,5.500000000000004,0.7000000000000001,99.65831671363449,11.380291577493226
